grid;average_efficiencies;std_efficiencies;average_n_moves;std_n_moves;average_cleaned;std_cleaned;randomness_move;gamma
death.grid;90.23131868131871;11.939216265423367;7.42;2.6122021361295915;81.85714285714288;29.887885744657726;0.25;0; 
death.grid;100.0;0.0;7.0;0.0;100.0;0.0;0;0; 
death.grid;70.82974042312902;22.09291353322634;10.96;6.780737423024136;58.85714285714286;40.62169923796384;0.25;0.2; 
death.grid;100.0;0.0;7.0;0.0;100.0;0.0;0;0.2; 
death.grid;98.8909090909091;4.159187778305593;2.78;1.8252671037412582;24.142857142857114;25.690067960920906;0.25;0.4; 
death.grid;100.0;0.0;7.0;0.0;100.0;0.0;0;0.1; 
death.grid;70.94603529810644;20.956557441951393;11.37;6.914701728925118;68.42857142857149;38.771702283484835;0.25;0.1; 
death.grid;100.0;0.0;7.0;0.0;100.0;0.0;0;0.4; 
death.grid;98.8;4.749736834815168;2.39;1.4553006562219366;17.142857142857125;14.846149779161806;0.25;0.3; 
death.grid;100.0;0.0;7.0;0.0;100.0;0.0;0;0.3; 
death.grid;100.0;0.0;7.0;0.0;100.0;0.0;0;0.6; 
death.grid;86.8413239237543;15.276053972273555;6.9;3.430743359681689;56.14285714285717;25.734515851720406;0.5;0; 
death.grid;99.63636363636364;2.5454545454545467;2.69;1.90627909813857;24.571428571428537;27.85384595875187;0.25;0.5; 
death.grid;99.15454545454546;3.493216566929551;2.72;1.8925115587493775;23.714285714285676;25.731740107882164;0.25;0.6; 
death.grid;96.50139860139862;8.37030194310861;3.2;2.275961335348209;23.285714285714267;16.61754666438031;0.5;0.2; 
death.grid;97.0909090909091;6.5624778630087075;2.92;1.553576518875076;21.142857142857125;15.711688096991452;0.5;0.1; 
death.grid;100.0;0.0;7.0;0.0;100.0;0.0;0;0.5; 
death.grid;96.86503496503498;7.304970249543542;3.04;1.9283153269110318;22.42857142857141;18.87174759111771;0.5;0.4; 
death.grid;97.20734265734266;6.527565909661377;3.07;1.5508384828859516;23.428571428571413;17.672762393362415;0.5;0.3; 
death.grid;90.48592657342662;10.886367152449122;7.45;2.4387496796514396;83.85714285714288;27.895943674114836;0.25;0.8; 
death.grid;100.0;0.0;7.0;0.0;100.0;0.0;0;0.8; 
death.grid;84.82191280082151;16.976449164599508;6.71;4.222072950577714;47.42857142857143;29.268636135366638;0.75;0; 
death.grid;97.45;5.499772722576815;2.87;1.3903596656980526;20.57142857142855;13.749953617732528;0.5;0.6; 
death.grid;96.81967150496563;8.81523674310163;3.18;2.3764679673835287;23.85714285714283;21.194435157197585;0.5;0.5; 
death.grid;100.0;0.0;7.0;0.0;100.0;0.0;0;0.7; 
death.grid;93.58276723276725;11.085003043088305;4.03;2.812312215953271;29.14285714285712;21.938690080517105;0.75;0.1; 
death.grid;97.7909090909091;6.64445956983761;3.12;2.0458738964071075;25.571428571428555;23.2374609593375;0.5;0.8; 
death.grid;91.19300699300702;11.6112508905959;7.38;2.283768814919759;85.28571428571429;26.98865975001428;0.25;0.7; 
death.grid;94.40026223776223;9.364683582866306;3.64;2.066494616494318;24.285714285714267;14.069796859708719;0.75;0.2; 
death.grid;96.06243756243757;7.573549734449761;3.38;1.8749933333214817;23.57142857142855;16.827455699128205;0.5;0.7; 
death.grid;94.60754245754248;9.096296343597857;3.75;2.2643983748448506;26.571428571428545;19.693570897475084;0.75;0.4; 
death.grid;92.25642592701416;11.975530435334909;4.07;2.8644545728637416;26.285714285714256;19.66245775324029;0.75;0.6; 
death.grid;92.62185314685316;10.693112099395487;4.04;2.5531157435572718;26.42857142857141;18.884720094860405;0.75;0.3; 
death.grid;92.64147102897104;11.015184522446802;4.1;2.7258026340878017;27.857142857142826;21.98097507632731;0.75;0.5; 
death.grid;97.28977272727273;7.545580759486569;3.21;2.4302057526061454;25.714285714285698;25.314350209527646;0.5;0.9; 
death.grid;93.13185931715347;10.29338682700359;7.0;2.4859605789312105;81.28571428571432;30.216565263552553;0.25;0.9; 
death.grid;90.93906461185875;13.891384290943954;5.01;4.2225466249646075;36.85714285714282;32.146349016677476;0.75;0.8; 
death.grid;93.06048187107014;13.297498689465499;4.31;3.722082750289144;30.571428571428545;25.154218212410235;0.75;0.7; 
death.grid;100.0;0.0;7.0;0.0;100.0;0.0;0;0.9; 
death.grid;87.33500617030032;15.675386865908065;6.06;3.913617252619372;42.857142857142826;27.70102775666474;0.75;0.9; 
example-2x2-house-0.grid;100.0;0.0;3.0;0.0;100.0;0.0;0;0; 
example-2x2-house-0.grid;95.50476190476192;10.726092965044849;3.41;0.861336171305954;100.0;0.0;0.25;0; 
example-2x2-house-0.grid;100.0;0.0;3.0;0.0;100.0;0.0;0;0.2; 
example-2x2-house-0.grid;97.8095238095238;7.940253084607507;3.32;0.7600000000000001;100.0;0.0;0.25;0.2; 
example-2x2-house-0.grid;96.0095238095238;10.06256617842775;3.47;0.8883130078975542;100.0;0.0;0.25;0.4; 
example-2x2-house-0.grid;100.0;0.0;3.0;0.0;100.0;0.0;0;0.1; 
example-2x2-house-0.grid;96.08571428571429;10.746212748469768;3.4;0.9695359714832658;100.0;0.0;0.25;0.1; 
example-2x2-house-0.grid;100.0;0.0;3.0;0.0;100.0;0.0;0;0.6; 
example-2x2-house-0.grid;100.0;0.0;3.0;0.0;100.0;0.0;0;0.3; 
example-2x2-house-0.grid;98.2;5.723635208501674;3.27;0.6140846847137615;100.0;0.0;0.25;0.3; 
example-2x2-house-0.grid;97.77142857142854;7.920489231093238;3.33;0.6936137253543935;100.0;0.0;0.25;0.5; 
example-2x2-house-0.grid;84.7969696969697;18.379990610282007;4.48;1.7405746177627663;100.0;0.0;0.5;0; 
example-2x2-house-0.grid;100.0;0.0;3.0;0.0;100.0;0.0;0;0.5; 
example-2x2-house-0.grid;96.90476190476188;8.426687978962113;3.38;0.7717512552629895;100.0;0.0;0.25;0.6; 
example-2x2-house-0.grid;92.58571428571427;14.077088540202745;3.8;1.3114877048604001;100.0;0.0;0.5;0.2; 
example-2x2-house-0.grid;100.0;0.0;3.0;0.0;100.0;0.0;0;0.8; 
example-2x2-house-0.grid;91.68095238095239;14.934645482116167;3.98;1.4489996549343964;100.0;0.0;0.5;0.1; 
example-2x2-house-0.grid;90.53333333333332;15.721827915858668;4.01;1.3674428690076965;100.0;0.0;0.5;0.4; 
example-2x2-house-0.grid;87.4096681096681;17.064911575573998;4.29;1.5639373388982052;100.0;0.0;0.5;0.3; 
example-2x2-house-0.grid;100.0;0.0;3.0;0.0;100.0;0.0;0;0.7; 
example-2x2-house-0.grid;95.84285714285711;10.667061004615585;3.5;1.02469507659596;100.0;0.0;0.25;0.8; 
example-2x2-house-0.grid;92.8857142857143;12.550816435486533;3.78;1.1097747519204066;100.0;0.0;0.5;0.6; 
example-2x2-house-0.grid;81.91774891774892;20.497730662826886;4.95;2.0316249653910043;100.0;0.0;0.75;0; 
example-2x2-house-0.grid;96.8;8.191052028484089;3.4;0.7745966692414834;100.0;0.0;0.25;0.7; 
example-2x2-house-0.grid;90.85531135531136;16.294686729175876;3.99;1.7233397807745285;100.0;0.0;0.5;0.5; 
example-2x2-house-0.grid;84.7015873015873;19.250045793154587;4.63;1.7530259553126986;100.0;0.0;0.75;0.2; 
example-2x2-house-0.grid;79.39603174603172;20.889132817483475;5.17;2.2762029786466758;100.0;0.0;0.75;0.1; 
example-2x2-house-0.grid;91.23650793650792;15.496540060357914;3.98;1.5683111936092273;100.0;0.0;0.5;0.8; 
example-2x2-house-0.grid;88.33665223665223;17.37422801786187;4.19;1.6473918780909416;100.0;0.0;0.5;0.7; 
example-2x2-house-0.grid;80.79831279831282;21.740695438731247;5.04;2.275609808381042;100.0;0.0;0.75;0.3; 
example-2x2-house-0.grid;84.2564935064935;19.885075200479267;4.68;2.1254646550813305;100.0;0.0;0.75;0.4; 
example-2x2-house-0.grid;85.59379509379511;18.28101406267609;4.52;1.6761861471805573;100.0;0.0;0.75;0.5; 
example-2x2-house-0.grid;81.00649350649348;22.148752105191384;5.08;2.3007824755939015;100.0;0.0;0.75;0.6; 
example-2x2-house-0.grid;100.0;0.0;3.0;0.0;100.0;0.0;0;0.9; 
example-2x2-house-0.grid;97.1142857142857;8.875510907973185;3.36;0.8662563131083085;100.0;0.0;0.25;0.9; 
example-2x2-house-0.grid;90.59206349206347;15.95568717219068;4.04;1.4691494137765568;100.0;0.0;0.5;0.9; 
example-2x2-house-0.grid;73.02692862692862;24.43210510721656;5.95;2.9064583258667245;100.0;0.0;0.75;0.8; 
example-2x2-house-0.grid;66.05088361332811;26.162532565659838;7.27;4.406483859042263;100.0;0.0;0.75;0.9; 
example-2x2-house-0.grid;68.35220106690697;26.244098640166328;6.92;4.807660553741289;100.0;0.0;0.75;0.7; 
example-5x5-house-0.grid;50.99866961001222;26.659678754811797;20.75;18.0329559418305;68.33333333333331;18.782379449307744;0.25;0; 
example-5x5-house-0.grid;44.21158736538628;24.60165762779167;23.78;17.29889013780942;71.49999999999996;17.684739183827396;0.25;0.2; 
example-5x5-house-0.grid;46.27888955380788;26.38161671451915;21.79;16.51804770546447;58.33333333333334;15.184055965240498;0.25;0.4; 
example-5x5-house-0.grid;54.26304960702357;26.434765055574616;17.99;15.051574668452467;66.66666666666666;18.25741858350554;0.25;0.1; 
example-5x5-house-0.grid;58.13081530041119;23.23096334355575;14.53;9.362109804953155;69.49999999999999;18.265784650238515;0.5;0; 
example-5x5-house-0.grid;48.230547446658676;28.119295567156783;22.96;22.192304972670144;61.00000000000003;15.849991237291652;0.25;0.6; 
example-5x5-house-0.grid;48.08132574265972;23.515086815056357;20.34;17.551763444167083;61.33333333333334;17.61943371520335;0.25;0.3; 
example-5x5-house-0.grid;52.01989175786425;25.09444837970306;17.62;10.638402135659282;74.33333333333334;19.064218957105076;0.5;0.2; 
example-5x5-house-0.grid;62.352982609860995;24.637965209467758;13.7;9.959417653658269;71.66666666666666;19.790570145063196;0.5;0.1; 
example-5x5-house-0.grid;80.0;0.0;9.0;0.0;100.0;0.0;0;0.8; 
example-5x5-house-0.grid;40.254023254253994;24.143720240689486;24.96;16.082238650138233;60.83333333333335;16.89427911059441;0.25;0.5; 
example-5x5-house-0.grid;52.15648813450295;24.177729758271983;17.45;11.720388218826201;69.50000000000001;19.300978674092615;0.5;0.4; 
example-5x5-house-0.grid;59.43780670768265;25.815391144200643;14.65;9.981357623089156;68.33333333333334;17.716909687891082;0.75;0; 
example-5x5-house-0.grid;54.85468341487254;28.002931950449625;18.18;14.290822229668944;71.66666666666666;20.069324297987162;0.5;0.3; 
example-5x5-house-0.grid;36.46747950155449;16.7294892587012;26.87;16.392470832671933;95.66666666666669;13.868429375143146;0.25;0.8; 
example-5x5-house-0.grid;56.58248195845292;24.58715390139939;15.36;10.769883936236267;64.50000000000001;18.35680315910759;0.5;0.6; 
example-5x5-house-0.grid;40.14458841302682;21.466788093712747;25.89;16.62040613222192;90.00000000000004;17.159383568311668;0.25;0.7; 
example-5x5-house-0.grid;52.82528244365924;22.441466339490276;16.27;9.909444989503701;68.0;20.231987873991358;0.5;0.5; 
example-5x5-house-0.grid;59.84006581391784;24.51447574070502;14.29;9.481872178003666;70.66666666666666;19.45364861521983;0.75;0.1; 
example-5x5-house-0.grid;60.73975617396773;24.63941078569679;13.74;9.687744835615769;63.66666666666668;17.381343765978254;0.5;0.8; 
example-5x5-house-0.grid;60.96920895110966;24.207334608560398;14.02;9.26064792549636;74.50000000000001;19.9241617696259;0.75;0.2; 
example-5x5-house-0.grid;55.175358507343184;26.503682279693912;17.18;13.907825135512741;66.83333333333336;20.068632240389483;0.5;0.7; 
example-5x5-house-0.grid;62.84040877737975;24.011741912569388;13.25;10.53031338565002;66.50000000000001;18.63315444159803;0.75;0.4; 
example-5x5-house-0.grid;59.50256243992236;23.821812981302713;13.98;8.827207939093766;67.66666666666666;18.681541692269406;0.75;0.3; 
example-5x5-house-0.grid;80.0;0.0;9.0;0.0;100.0;0.0;0;0.9; 
example-5x5-house-0.grid;53.24973737732372;24.990821860796462;17.4;10.960839383915815;78.33333333333333;21.01586702153082;0.75;0.6; 
example-5x5-house-0.grid;56.085169419465394;24.470352676127852;16.05;11.939325776608996;69.16666666666667;19.202864369671524;0.75;0.5; 
example-5x5-house-0.grid;70.82597402597406;15.41854666980033;10.43;3.2749198463473888;91.83333333333331;18.180422926262683;0.25;0.9; 
example-5x5-house-0.grid;57.492566388021785;25.041239628880287;14.76;9.283447635442343;63.83333333333333;17.00571799261779;0.5;0.9; 
example-5x5-house-0.grid;42.46512600514079;27.512553974706353;27.05;19.387818340390957;80.16666666666666;19.104246183040622;0.75;0.7; 
example-5x5-house-0.grid;56.468394246735045;25.089771226651372;16.07;11.466695251902355;68.5;17.30366049905819;0.75;0.8; 
example-5x5-house-0.grid;59.97352127647442;25.532702874471564;14.39;10.659169761290041;64.83333333333334;17.778732613247023;0.75;0.9;
example-5x5-house-0.grid;0.9987515605493124;1.1102230246251565e-16;796.0;0.0;50.0;0.0;0;0; 
example-5x5-house-0.grid;0.9987515605493124;1.1102230246251565e-16;796.0;0.0;50.0;0.0;0;0.1; 
example-5x5-house-0.grid;0.9987515605493124;1.1102230246251565e-16;795.0;0.0;33.33333333333337;0.0;0;0.2; 
example-5x5-house-0.grid;0.9987515605493124;1.1102230246251565e-16;795.0;0.0;33.33333333333337;0.0;0;0.4; 
example-5x5-house-0.grid;0.9987515605493124;1.1102230246251565e-16;795.0;0.0;33.33333333333337;0.0;0;0.5; 
example-5x5-house-0.grid;0.9987515605493124;1.1102230246251565e-16;795.0;0.0;33.33333333333337;0.0;0;0.3; 
example-5x5-house-0.grid;0.9987515605493124;1.1102230246251565e-16;795.0;0.0;33.33333333333337;0.0;0;0.6; 
example-5x5-house-0.grid;0.9987515605493124;1.1102230246251565e-16;795.0;0.0;33.33333333333337;0.0;0;0.7; 
